scale: 1.045173299664418
offset: 0.17399731472719582
seed: 42
