scale: 0.8222719419745566
offset: 0.25050203246313746
seed: 42
